ADDR    ADDR+00  ADDR+04  ADDR+08  ADDR+0C  
----------------------------------------------------------------------------
0000    464C457F 00010102 00000000 00000000 
0010    00B70001 00000001 00000000 00000000 
0020    00000000 00000000 00000348 00000000 
0030    00000000 00000040 00400000 00080009 
0040    D10043FF 90000000 91000000 7900001F 
0050    B9000FFF 14000010 90000000 91000000 
0060    B9800FE1 78617801 90000000 91000000 
0070    79400000 0B000020 12003C01 90000000 
0080    91000000 79000001 B9400FE0 11000400 
0090    B9000FE0 B9400FE0 7100241F 54FFFDED 
00A0    D503201F 910043FF D65F03C0 00000000 
00B0    00020005 00060009 000A0003 00040007 
00C0    00080001 43434700 4728203A 5420554E 
00D0    636C6F6F 6E696168 726F6620 65687420 
00E0    702D4120 69666F72 4120656C 69686372 
00F0    74636574 20657275 2D332E38 39313032 
0100    2033302E 6D726128 6C65722D 332E382D 
0110    20292936 2E332E38 00000030 00000000 
0120    00000000 00000000 00000000 00000000 
0130    00000000 00000000 00000001 FFF10004 
0140    00000000 00000000 00000000 00000000 
0150    00000000 00010003 00000000 00000000 
0160    00000000 00000000 00000000 00030003 
0170    00000000 00000000 00000000 00000000 
0180    00000000 00040003 00000000 00000000 
0190    00000000 00000000 0000000D 00030000 
01A0    00000000 00000000 00000000 00000000 
01B0    00000010 00010000 00000000 00000000 
01C0    00000000 00000000 00000000 00050003 
01D0    00000000 00000000 00000000 00000000 
01E0    00000013 00030011 00000000 00000000 
01F0    00000014 00000000 00000015 FFF20011 
0200    00000002 00000000 00000002 00000000 
0210    0000001A 00010012 00000000 00000000 
0220    0000006C 00000000 6D757300 6974616D 
0230    632E6E6F 00642400 76007824 6D757300 
0240    616D006D 00006E69 00000004 00000000 
0250    00000113 00000009 00000000 00000000 
0260    00000008 00000000 00000115 00000009 
0270    00000000 00000000 00000018 00000000 
0280    00000113 00000008 00000000 00000000 
0290    0000001C 00000000 00000115 00000008 
02A0    00000000 00000000 00000028 00000000 
02B0    00000113 00000009 00000000 00000000 
02C0    0000002C 00000000 00000115 00000009 
02D0    00000000 00000000 0000003C 00000000 
02E0    00000113 00000009 00000000 00000000 
02F0    00000040 00000000 00000115 00000009 
0300    00000000 00000000 79732E00 6261746D 
0310    74732E00 62617472 68732E00 74727473 
0320    2E006261 616C6572 7865742E 642E0074 
0330    00617461 7373622E 6F632E00 6E656D6D 
0340    00000074 00000000 00000000 00000000 
0350    00000000 00000000 00000000 00000000 
0360    00000000 00000000 00000000 00000000 
0370    00000000 00000000 00000000 00000000 
0380    00000000 00000000 00000020 00000001 
0390    00000006 00000000 00000000 00000000 
03A0    00000040 00000000 0000006C 00000000 
03B0    00000000 00000000 00000004 00000000 
03C0    00000000 00000000 0000001B 00000004 
03D0    00000040 00000000 00000000 00000000 
03E0    00000248 00000000 000000C0 00000000 
03F0    00000006 00000001 00000008 00000000 
0400    00000018 00000000 00000026 00000001 
0410    00000003 00000000 00000000 00000000 
0420    000000B0 00000000 00000014 00000000 
0430    00000000 00000000 00000008 00000000 
0440    00000000 00000000 0000002C 00000008 
0450    00000003 00000000 00000000 00000000 
0460    000000C4 00000000 00000000 00000000 
0470    00000000 00000000 00000001 00000000 
0480    00000000 00000000 00000031 00000001 
0490    00000030 00000000 00000000 00000000 
04A0    000000C4 00000000 00000056 00000000 
04B0    00000000 00000000 00000001 00000000 
04C0    00000001 00000000 00000001 00000002 
04D0    00000000 00000000 00000000 00000000 
04E0    00000120 00000000 00000108 00000000 
04F0    00000007 00000008 00000008 00000000 
0500    00000018 00000000 00000009 00000003 
0510    00000000 00000000 00000000 00000000 
0520    00000228 00000000 0000001F 00000000 
0530    00000000 00000000 00000001 00000000 
0540    00000000 00000000 00000011 00000003 
0550    00000000 00000000 00000000 00000000 
0560    00000308 00000000 0000003A 00000000 
0570    00000000 00000000 00000001 00000000 
0580    00000000 00000000 00000000 00000000 
